{
 "cells": [
  {
   "cell_type": "code",
   "execution_count": null,
   "id": "66382435",
   "metadata": {},
   "outputs": [
    {
     "name": "stdout",
     "output_type": "stream",
     "text": [
      "----- Task 1 -----\n",
      "Main Array Task 1: [ 8 32 22 22 29 21 15 50 43 11 33 28 11 42 42]\n",
      "Sum: 409\n",
      "Mean: 27.27\n",
      "Min: 8\n",
      "Max: 50\n",
      "Standard deviation: 12.66\n",
      "\n",
      "----- Task 2 -----\n",
      "Main Array Task 2:\n",
      " [[ 1  2  3  7]\n",
      " [ 0  1  4  9]\n",
      " [ 5  6 16 12]\n",
      " [ 6  2  8  1]]\n",
      "determ: 443.00\n",
      "\n",
      "transpose:\n",
      "[[ 1  0  5  6]\n",
      " [ 2  1  6  2]\n",
      " [ 3  4 16  8]\n",
      " [ 7  9 12  1]]\n",
      "\n",
      "inverse:\n",
      "[[ 0.30699774 -0.01354402 -0.19187359  0.27539503]\n",
      " [ 0.53273138 -0.61173815  0.16704289 -0.22799097]\n",
      " [-0.37697517  0.1489842   0.11060948 -0.02934537]\n",
      " [ 0.10835214  0.11286682 -0.06772009  0.03837472]]\n",
      "\n",
      "----- Task 3 -----\n",
      "shuffle: [13  3  9 55 41 99 12 27 24 44]\n",
      "original array: [44  3 99 27 13 12 41  9 55 24]\n",
      "\n",
      "Comparison:\n",
      "Index      Original        Shuffled       \n",
      "----------------------------------------\n",
      "0          44              13             \n",
      "1          3               3              \n",
      "2          99              9              \n",
      "3          27              55             \n",
      "4          13              41             \n",
      "5          12              99             \n",
      "6          41              12             \n",
      "7          9               27             \n",
      "8          55              24             \n",
      "9          24              44             \n",
      "\n"
     ]
    }
   ],
   "source": [
    "import numpy as np\n",
    "\n",
    "def task1():\n",
    "    arr = np.random.randint(1,51, size=15)\n",
    "    print(\"Main Array Task 1:\", arr)\n",
    "    \n",
    "    sum = np.sum(arr)\n",
    "    mean = np.mean(arr)\n",
    "    min = np.min(arr)\n",
    "    max = np.max(arr)\n",
    "    std = np.std(arr)\n",
    "    \n",
    "    print(f\"Sum: {sum}\")\n",
    "    print(f\"Mean: {mean:.2f}\")\n",
    "    print(f\"Min: {min}\")\n",
    "    print(f\"Max: {max}\")\n",
    "    print(f\"Standard deviation: {std:.2f}\")\n",
    "\n",
    "def task2():\n",
    "    arr = np.array([[1, 2, 3, 7],\n",
    "                    [0, 1, 4, 9],\n",
    "                    [5, 6, 16, 12],\n",
    "                    [6, 2, 8, 1]\n",
    "                    ])\n",
    "    print(\"Main Array Task 2:\\n\", arr)\n",
    "    \n",
    "    determ = np.linalg.det(arr)\n",
    "    print(f\"determ: {determ:.2f}\")\n",
    "    \n",
    "    print(f\"\\ntranspose:\\n{arr.T}\")\n",
    "\n",
    "    invArr = np.linalg.inv(arr)\n",
    "    print(f\"\\ninverse:\\n{invArr}\")\n",
    "    \n",
    "\n",
    "def task3():\n",
    "    arr = np.random.randint(1, 101, size=10)\n",
    "    \n",
    "    shuffled_array = arr.copy()\n",
    "    np.random.shuffle(shuffled_array)\n",
    "    print(\"shuffle:\", shuffled_array)\n",
    "    \n",
    "    print(f\"original array:\", arr)\n",
    "    \n",
    "    \n",
    "def main():\n",
    "    print(\"----- Task 1 -----\")\n",
    "    task1()\n",
    "    print(\"\\n----- Task 2 -----\")\n",
    "    task2()\n",
    "    print(\"\\n----- Task 3 -----\")\n",
    "    task3()\n",
    "\n",
    "main()"
   ]
  }
 ],
 "metadata": {
  "kernelspec": {
   "display_name": "Python 3",
   "language": "python",
   "name": "python3"
  },
  "language_info": {
   "codemirror_mode": {
    "name": "ipython",
    "version": 3
   },
   "file_extension": ".py",
   "mimetype": "text/x-python",
   "name": "python",
   "nbconvert_exporter": "python",
   "pygments_lexer": "ipython3",
   "version": "3.12.2"
  }
 },
 "nbformat": 4,
 "nbformat_minor": 5
}
